{ msg=good
	SF=S6F1
	str=6
	fun=1
	rbit=1
	waitbit=1
	sxid=0
	eqid=6-6-EVAP-002
	systembytes=221
	ctxt=generic_handler
	header=800086018000000000dd
	receivetime=1550859184
	receivesize=168
	TRID=0
	SMPLN=3
	STIME=2019022212130400
	SV_SIZE=13
	SV.1=6.819403058299517
	SV.2=2
	SV.3=5%
	SV.4=20
	SV.5=3.7072008399792016
	SV.6=6.924517530447113
	SV.7=0.36613422463002343
	SV.8=2019022212130400
	SV.9=20
	SV.10=2
	SV.11=3
	SV.12=4
	SV.13=5
	SV_TYPE.1=ASC
	SV_TYPE.2=ASC
	SV_TYPE.3=ASC
	SV_TYPE.4=ASC
	SV_TYPE.5=ASC
	SV_TYPE.6=ASC
	SV_TYPE.7=ASC
	SV_TYPE.8=ASC
	SV_TYPE.9=ASC
	SV_TYPE.10=ASC
	SV_TYPE.11=ASC
	SV_TYPE.12=ASC
	SV_TYPE.13=ASC
}
