{ msg=good
	SF=S6F1
	str=6
	fun=1
	rbit=1
	waitbit=1
	sxid=0
	eqid=6-6-EVAP-01
	systembytes=77
	ctxt=generic_handler
	header=8000860180000000004d
	receivetime=1551740877
	receivesize=169
	TRID=0
	SMPLN=3
	STIME=2019030417075700
	SV_SIZE=13
	SV.1=9.278873856774938
	SV.2=9
	SV.3=5%
	SV.4=20
	SV.5=0.032910816386766184
	SV.6=3.1320910123791967
	SV.7=1.053645057163036
	SV.8=2019030417075700
	SV.9=20
	SV.10=2
	SV.11=3
	SV.12=4
	SV.13=5
	SV_TYPE.1=ASC
	SV_TYPE.2=ASC
	SV_TYPE.3=ASC
	SV_TYPE.4=ASC
	SV_TYPE.5=ASC
	SV_TYPE.6=ASC
	SV_TYPE.7=ASC
	SV_TYPE.8=ASC
	SV_TYPE.9=ASC
	SV_TYPE.10=ASC
	SV_TYPE.11=ASC
	SV_TYPE.12=ASC
	SV_TYPE.13=ASC
}
