{ msg=good
	SF=S6F1
	str=6
	fun=1
	rbit=1
	waitbit=1
	sxid=0
	eqid=6-3-VFURN-01
	systembytes=1470
	ctxt=generic_handler
	header=800086018000000005be
	receivetime=1552618694
	receivesize=169
	TRID=0
	SMPLN=3
	STIME=2019031421581400
	SV_SIZE=13
	SV.1=9.725245949684291
	SV.2=2
	SV.3=5%
	SV.4=20
	SV.5=2.2086763438809087
	SV.6=1.2233116064329221
	SV.7=0.19816931812007416
	SV.8=2019031421581400
	SV.9=20
	SV.10=2
	SV.11=3
	SV.12=4
	SV.13=5
	SV_TYPE.1=ASC
	SV_TYPE.2=ASC
	SV_TYPE.3=ASC
	SV_TYPE.4=ASC
	SV_TYPE.5=ASC
	SV_TYPE.6=ASC
	SV_TYPE.7=ASC
	SV_TYPE.8=ASC
	SV_TYPE.9=ASC
	SV_TYPE.10=ASC
	SV_TYPE.11=ASC
	SV_TYPE.12=ASC
	SV_TYPE.13=ASC
}
