{ msg=good
	SF=S6F1
	str=6
	fun=1
	rbit=1
	waitbit=1
	sxid=0
	eqid=6-3-VFURN-01
	systembytes=199
	ctxt=generic_handler
	header=800086018000000000c7
	receivetime=1552549388
	receivesize=164
	TRID=0
	SMPLN=3
	STIME=2019031402430800
	SV_SIZE=13
	SV.1=6.601235208381543
	SV.2=3
	SV.3=5%
	SV.4=20
	SV.5=6.960147268585929
	SV.6=9.195143123713855
	SV.7=2.77048025874909
	SV.8=2019031402430800
	SV.9=20
	SV.10=2
	SV.11=3
	SV.12=4
	SV.13=5
	SV_TYPE.1=ASC
	SV_TYPE.2=ASC
	SV_TYPE.3=ASC
	SV_TYPE.4=ASC
	SV_TYPE.5=ASC
	SV_TYPE.6=ASC
	SV_TYPE.7=ASC
	SV_TYPE.8=ASC
	SV_TYPE.9=ASC
	SV_TYPE.10=ASC
	SV_TYPE.11=ASC
	SV_TYPE.12=ASC
	SV_TYPE.13=ASC
}
