{ msg=good
	SF=S6F1
	str=6
	fun=1
	rbit=1
	waitbit=1
	sxid=0
	eqid=6-3-VFURN-01
	systembytes=317
	ctxt=generic_handler
	header=8000860180000000013d
	receivetime=1552580582
	receivesize=166
	TRID=0
	SMPLN=3
	STIME=2019031411230200
	SV_SIZE=13
	SV.1=2.2315123547946625
	SV.2=7
	SV.3=5%
	SV.4=20
	SV.5=5.028147033894504
	SV.6=8.067198664912581
	SV.7=5.407961185745877
	SV.8=2019031411230200
	SV.9=20
	SV.10=2
	SV.11=3
	SV.12=4
	SV.13=5
	SV_TYPE.1=ASC
	SV_TYPE.2=ASC
	SV_TYPE.3=ASC
	SV_TYPE.4=ASC
	SV_TYPE.5=ASC
	SV_TYPE.6=ASC
	SV_TYPE.7=ASC
	SV_TYPE.8=ASC
	SV_TYPE.9=ASC
	SV_TYPE.10=ASC
	SV_TYPE.11=ASC
	SV_TYPE.12=ASC
	SV_TYPE.13=ASC
}
